image: kitchen_slam_final.pgm
resolution: 0.050000
origin: [-4.100000, -7.750000, 0.0]
negate: 0
occupied_thresh: 0.65
free_thresh: 0.196
